100
-15301 -73660
68492 -9494
40353 58213
7703 -15687
27251 8599
-48298 -90407
-99004 -18348
92318 34265
-9578 33372
-24419 -52916
31483 -42900
72597 -80923
52520 -32828
98033 -37382
40128 64466
85421 -5142
-59195 -24378
-24403 1013
19271 -19952
-37329 74614
63316 -96606
52481 -17494
-35337 27221
86103 7775
-76074 89532
-31210 24924
-19962 -6832
94198 25474
92132 91700
-91810 -1514
13690 -75087
56468 48709
97501 56007
-58527 -74015
65406 -13149
60410 96411
-73057 -66559
-6706 -91835
26377 -20955
-27708 -59690
51471 34064
78666 -94374
85678 -53373
-79478 84006
-2346 19261
-63028 42098
72110 -52327
43979 -33954
-46639 -15373
-95100 -7170
-20767 30828
71476 -53101
-50354 -18143
67452 2424
-87600 -74151
-71305 -73792
86231 83696
82240 -5952
26059 -40971
-47248 57169
4619 -69962
19253 64786
-56986 -33828
33475 -5564
1031 -15751
77587 9612
-16154 -21937
-47933 39035
-7455 -5505
42642 -78573
-68010 46917
-42774 -8058
-78812 1200
18176 91028
25912 69602
-28164 70241
-25993 17689
-41924 -24222
-93717 -92303
-97121 -30093
37279 74590
21767 -18618
-31456 32521
-3113 -93158
2801 -54387
-78406 37207
-55558 33663
-80076 48764
40485 -89566
-88584 28135
-29925 70393
86710 -89369
15969 96136
66956 -4332
-77888 -47273
-77391 42742
15892 -53519
-2134 -35669
-35477 -99733
-14923 35102
